READS.1
	time:	1679.76
	mem:	5332
READS.2
	time:	1676.98
	mem:	5520
CLASS
	tp:	4549198
	tn:	16121351
	fp:	545309
	fn:	1575130
METRICS
	precision:	0.8929613797762963
	recall:	0.7428077006979378
	f1:	0.8109929417804967
	accuracy:	0.9069615147882136
